[{"src": [[9678, 10, 1907, 33, 162, 462, 5879, 83, 22, 22444, 21, 203, 25827, 1970, 214, 10, 16, 1061, 13, 698, 10656, 19, 12, 18260, 8069, 10, 5451, 17, 24, 8179, 40, 26, 6566, 10, 879, 25, 2025, 12, 13, 8250, 13, 1354, 110, 4581, 12, 36, 237, 2073, 10424, 12, 129, 926, 14, 9, 136, 33, 12, 33, 1428, 11], [9, 8179, 40, 1488, 12, 10200, 26, 9, 1357, 13, 9, 53, 56, 136, 33, 12, 33, 2073, 553, 1651, 14, 120, 2573, 10, 50, 65, 2675, 17, 19, 4701, 2503, 29, 553, 27, 2204, 27, 63, 863, 10, 89, 47, 253, 137, 1515, 4220, 11], [9, 237, 10424, 12, 47, 105, 13, 72, 1862, 62, 27, 566, 33, 149, 11, 512, 14, 92, 916, 10, 50, 18, 1506, 572, 25, 9524, 55, 8069, 10, 15, 30120, 394, 14, 1249, 10, 50, 18, 572, 25, 16, 150, 13, 13232, 123, 638, 25, 430, 214, 33], [1354, 12, 24, 9, 1862, 82, 19403, 17, 464, 19, 1188, 38, 2249, 3199, 12, 25, 136, 33, 12, 33, 5038, 12, 10, 15, 48, 464, 19, 933, 44, 1446, 23, 9632, 23, 11314, 1927, 8227, 17, 1354, 12, 24, 2082, 10, 2250, 15, 1921, 12, 11], [2498, 23, 757, 25827, 979, 28, 2709, 12, 19, 262, 8179, 40, 19, 17796, 15, 14467, 46, 353, 60, 31, 0, 2409, 40, 18394, 46, 31, 0, 2073, 3096, 15, 553, 723, 22659, 29, 2937, 37, 60, 1785, 23, 7528, 29, 926, 1408, 11], [25827, 979, 14, 16, 531, 17708, 28, 45, 8137, 31, 490, 4337, 414, 14, 10951, 37, 7108, 2357, 8069, 10, 35, 1695, 13, 7108, 1034, 807, 10, 19, 1036, 60, 2254, 2937, 102, 60, 19392, 11], [24, 19, 12, 18260, 10, 9, 17708, 300, 709, 2634, 9, 4388, 23, 8009, 3410, 131, 16, 23941, 27, 28, 2043, 174, 10784, 12, 24, 60, 2692, 8516, 396, 10, 50, 957, 25231, 31, 490, 101, 2025, 11, 19, 12, 18260, 979, 25827, 23, 3643, 13327, 123, 626, 4769, 31, 490, 20211, 2025, 27, 13, 219, 11], [19, 12, 18260, 979, 28, 335, 7720, 174, 19, 31, 490, 1237, 414, 13, 9, 10951, 24, 25827, 11, 19, 12, 18260, 1528, 12, 1225, 174, 10750, 2696, 89, 82, 910, 859, 74, 1877, 144, 9, 2073, 2322, 1537, 38, 454, 364, 164, 11], [9, 7108, 3851, 3678, 531, 7193, 15, 18, 3214, 19, 2362, 25827, 24, 16, 164, 10, 230, 7657, 34, 9, 2401, 979, 11, 9, 4036, 335, 450, 9, 131, 30, 357, 1034, 1233, 10, 135, 60, 647, 1924, 522, 15, 4569, 2937, 10, 15, 2128, 24, 926, 1926, 12, 26, 383, 14, 1249, 15, 92, 916, 10, 9, 230, 979, 11], [269, 362, 10, 9, 1785, 147, 13959, 54, 130, 19, 291, 10327, 9, 13327, 123, 22056, 29, 37, 1354, 110, 4581, 12, 15, 4892, 12, 36, 9, 1862, 10, 9, 230, 979, 11], [9524, 55, 4461, 4128, 12, 26, 16, 882, 1625, 26, 6566, 42, 6611, 1926, 12, 335, 2586, 811, 26, 60, 92, 916, 383, 24, 375, 1017, 238, 9, 131, 238, 28, 6142, 17, 7099, 11], [31, 0, 5995, 7031, 17, 6907, 18, 19, 598, 9, 1651, 11, 9, 1305, 7031, 17, 6907, 18, 12625, 987, 10, 31, 0, 979, 9524, 55, 1942, 3041, 5305, 11], [430, 214, 979, 14, 16, 4372, 28, 335, 2315, 25827, 15, 19, 12, 18260, 1427, 525, 24, 60, 1602, 11], [77, 5038, 12, 82, 3169, 38, 1354, 12, 13, 353, 31, 490, 301, 2025, 24, 370, 536, 89, 3207, 3276, 45, 1784, 17, 9, 417, 1096, 13, 353, 31, 490, 488, 2025, 24, 9, 92, 916, 536, 15, 353, 31, 490, 332, 2025, 24, 9, 1249, 723, 11], [26, 166, 584, 10, 25827, 1970, 131, 10, 4797, 10, 16, 136, 33, 12, 33, 131, 10, 15, 1720, 13, 60, 2343, 123, 15, 1695, 12, 10, 5451, 17, 8281, 8798, 12, 129, 3718, 306, 13, 9, 136, 33, 12, 33, 8179, 40, 1152, 11, 9, 131, 18, 2769, 29, 19, 6811, 16, 3550, 16691, 27, 16, 642, 13, 1720, 1213, 15, 926, 2154, 12, 14, 60, 136, 33, 12, 33, 4862, 21704, 6309, 723, 1862, 11, 25827, 45, 2149, 17, 31, 490, 4337, 414, 14, 5721, 491, 23, 182, 23, 28297, 499, 22, 11774, 21, 10951, 37, 323, 23, 8178, 20076, 12, 19, 709, 1036, 15, 1522, 60, 2254, 2937, 102, 60, 19392, 11, 129, 3718, 306, 2341, 10, 25827, 300, 1176, 14, 9, 6532, 1004, 13, 396], [19, 12, 18260, 20, 4482, 19, 8051, 37, 16, 1034, 2073, 553, 1474, 125, 28, 3601, 31, 490, 23107, 2025, 24, 25827, 1970, 14, 330, 33, 1698, 10, 1354, 110, 4581, 12, 15, 1678, 17, 19412, 12, 3446, 19, 16508, 9, 698, 10656, 11], [25827, 1970, 214, 33, 5451, 17, 24, 3718, 306, 8179, 40, 2341, 6566, 10, 2522, 693, 16, 243, 3392, 111, 9, 2073, 553, 131, 30, 357, 698, 3410, 15, 16, 279, 136, 33, 12, 33, 6228, 10, 15, 3446, 29, 19, 1964, 16, 19705, 111, 257, 12, 13, 72, 740, 110, 9, 9558, 13, 3111, 370, 447, 12, 7624, 11], [25827, 97, 24281, 17, 2025, 12, 14, 1354, 110, 4581, 12, 977, 19, 237, 2073, 10424, 12, 28, 18, 228, 14, 9, 2915, 136, 33, 12, 33, 9, 19592, 1354, 12, 37, 9, 859, 23, 14625, 17, 10424, 12, 3446, 17, 9, 1005, 1836, 13, 60, 698, 3410, 131, 10, 1088], [439, 9, 2911, 957, 54, 681, 10, 50, 45, 14676, 12, 19, 1847, 60, 2206, 2073, 1831, 9108, 126, 16, 279, 4460, 11, 42, 45, 1769, 1210, 1567, 12, 14, 172, 740, 11], [9, 19567, 29, 507, 18, 16, 2154, 24, 9, 1357, 13, 2073, 553, 10, 15, 24, 19, 12, 18260, 30, 357, 1474, 2815, 11, 60, 812, 12, 82, 979, 114, 335, 416, 19, 3059, 98, 51, 105, 13, 25827, 19, 16, 6865, 10, 89, 34, 16, 27770, 29, 691, 13, 2516, 10784, 12, 203, 2086, 34, 25827, 30, 357, 333, 13, 1213, 30517, 40, 203, 42, 45, 620, 16, 2303, 3615, 11], [19, 12, 18260, 641, 6893, 9503, 2182, 12, 11, 9, 131, 18, 48, 28880, 29, 60, 18394, 46, 9719, 396, 15, 2815, 19, 3059, 16, 7885, 19, 35, 1265, 4128, 19, 4973, 756, 11, 103, 13, 9, 1143, 1252, 27, 31, 2841, 10784, 12, 47, 37, 1265, 675, 11, 172, 698, 396, 3047, 82, 1795, 17, 4072, 12, 42, 9, 2870, 300, 1081, 15716, 46, 675, 30, 357, 222, 14, 35, 790, 28, 1012, 4794, 17, 11], [75, 1101, 603, 25827, 30, 357, 1877, 10, 19, 12, 18260, 979, 28, 3214, 19, 289, 16, 2548, 1832, 13, 31, 490, 21696, 2025, 24, 60, 550, 9465, 164, 10, 50, 6311, 26, 4066, 11], [31, 0, 2538, 82, 98, 89, 3704, 5608, 17, 254, 13, 9, 2073, 396, 4533, 12, 10, 31, 0, 19, 12, 18260, 30, 357, 304, 10, 1653, 24825, 7703, 475, 13278, 10, 979, 36, 16, 1083, 882, 11, 13, 9, 5407, 1832, 10, 32, 674, 17, 10, 31, 0, 95, 4067, 448, 3273, 40, 33, 31, 0], [8179, 40, 300, 779, 28, 17930, 24, 25827, 30, 357, 396, 3400, 19, 4579, 1785, 114, 47, 13754, 17, 25, 9, 2073, 23, 14986, 6569, 11, 42, 1235, 2133, 12, 9, 61, 553, 1143, 24, 1663, 28, 18, 228, 10424, 12, 10, 6397, 12, 2461, 11, 253, 10, 28, 18, 10804, 2725, 85, 9, 131, 300, 54, 2104, 19, 1401, 498, 13, 60, 1862, 10, 50, 14, 9, 66, 77, 47, 152, 120, 137, 454, 15, 2025, 12, 110, 3161, 11], [9, 553, 1143, 203, 9524, 55, 1050, 14, 92, 916, 15, 16, 7608, 14, 1249, 638, 25, 1249, 553, 10, 16, 1061, 13, 430, 131, 203, 335, 2081, 9, 7573, 40, 13, 56, 1602, 1689, 10, 286, 8624, 12, 15, 7413, 29, 1832, 91, 42, 19, 12, 18260, 15, 25827, 957, 87, 487, 10, 6397, 12, 2461, 11, 9, 1354, 4056, 12, 47, 2849, 1226, 31, 490, 106, 2025, 19, 31, 490, 8990, 2025, 1446, 197, 382, 3214, 10, 609, 19, 16, 1387, 1817, 37, 3207, 3276, 10, 15, 957, 1301, 44, 7569, 31, 490, 276, 2025, 110, 98, 11], [3035, 22, 4862, 21, 203, 675, 30, 357, 10116, 9502, 4769, 19, 12, 18260, 8069, 33, 4465, 60, 136, 33, 12, 33, 2073, 1061, 25827, 1970, 214, 33, 45, 5451, 17, 24, 8179, 40, 2341, 11], [19, 12, 18260, 979, 14, 16, 4372, 6566, 42, 28, 5451, 17, 9, 3718, 306, 8798, 14, 9, 136, 33, 12, 33, 8179, 40, 531, 13, 56, 192, 11, 9, 1853, 97, 73, 2213, 3214, 11], [19, 12, 18260, 18, 8857, 29, 16, 1832, 13, 1966, 2025, 14380, 22, 31, 490, 11816, 2025, 21, 24, 201, 23, 29622, 13, 364, 164, 10, 135, 16, 5117, 12865, 2025, 14380, 22, 31, 490, 13916, 2025, 21, 879, 37, 60, 10116, 9502, 4769, 2073, 396, 11], [19, 12, 18260, 1588, 17, 25827, 14, 330, 34, 673, 2962, 6994, 10, 816, 2073, 553, 35, 774, 105, 13, 60, 396, 3680, 11], [75, 9, 166, 205, 2073, 5030, 14, 27101, 10, 1354, 12, 13, 9, 396, 82, 11060, 17, 54, 580, 13, 2206, 2249, 1567, 12, 15, 3251, 12, 10, 15, 16, 13250, 29, 13, 18106, 1369, 2073, 553, 14, 172, 740, 10, 148, 27, 876, 11]], "tgt": [4, 122, 1530, 1161, 37, 19, 12, 18260, 30, 357, 1282, 31, 0, 2073, 31, 0, 1832, 364, 1587, 10, 63, 119, 14, 9, 413, 13, 16, 8179, 40, 17708, 11, 8, 14, 663, 9, 4862, 4465, 20, 16, 31, 0, 2213, 3214, 31, 0, 1853, 10, 19, 12, 18260, 87, 17, 14, 16, 4372, 6566, 42, 60, 25827, 2073, 1061, 45, 7542, 17, 16, 3718, 306, 8798, 19, 9, 220, 8179, 40, 531, 13, 56, 192, 11, 8, 63, 8384, 2023, 174, 14, 9, 337, 663, 30, 357, 2480, 19, 5101, 19, 237, 641, 23, 462, 23, 1865, 23, 14625, 17, 2073, 10424, 12, 14, 92, 916, 15, 1249, 10, 50, 65, 12546, 38, 34, 8377, 17, 3161, 12, 15, 1678, 17, 19412, 12, 10, 517, 9, 1707, 326, 1287, 11, 8, 22444, 3198, 42, 19, 12, 18260, 203, 50, 2664, 38, 126, 2073, 3560, 125, 28, 1535, 38, 25827, 24, 31, 490, 23107, 2025, 14, 330, 203, 18, 8857, 29, 19, 929, 16, 31, 490, 290, 2025, 1832, 24, 9, 164, 3878, 166, 769, 33, 9, 56, 192, 492, 1911, 12, 172, 13, 9, 131, 30, 357, 2154, 12, 14, 9, 2073, 790, 10, 135, 122, 6650, 525, 1409, 13, 90, 1309, 1050, 10, 148, 27, 2084, 15, 2393, 553, 10, 27, 140, 27, 2249, 4072, 12, 21195, 17, 25, 9, 205, 27101, 5030, 11, 8, 16, 25827, 4372, 4465, 42, 238, 9, 1125, 4319, 19, 14467, 46, 129, 3718, 306, 8349, 12, 10, 28, 300, 54, 31, 4242, 16, 23941, 25, 668, 31, 490, 4337, 414, 10951, 11, 8, 22444, 2385, 12, 9, 8179, 40, 300, 944, 25827, 19, 1115, 254, 2725, 85, 28, 30, 357, 2904, 28, 19, 2634, 10429, 272, 29, 16, 1318, 26, 9, 2073, 10424, 1862, 10, 172, 13, 50, 47, 155, 152, 16, 323, 1173, 17, 11, 8, 172, 2461, 19, 12, 18260, 30, 357, 1822, 4677, 147, 54, 2208, 122, 10807, 19, 9, 2073, 790, 14, 223, 11, 31, 0, 8, 63, 1088, 14828, 12, 42, 173, 18, 179, 2373, 1357, 24, 2073, 498, 1963, 10, 31, 0, 16, 3773, 2517, 12, 9, 1287, 10, 50, 2385, 12, 42, 25827, 8046, 44, 9194, 12, 31, 0, 547, 47, 2073, 1050, 31, 0, 26, 60, 383, 11, 5], "src_str": ["wilmington , del./tokyo ( reuters ) - westinghouse electric co , a unit of japanese conglomerate toshiba corp , filed for bankruptcy on wednesday , hit by billions of dollars of cost overruns at four nuclear reactors under construction in the u.s. southeast .", "the bankruptcy casts doubt on the future of the first new u.s. nuclear power plants in three decades , which were scheduled to begin producing power as soon as this week , but are now years behind schedule .", "the four reactors are part of two projects known as v.c . summer in south carolina , which is majority owned by scana corp , and vogtle in georgia , which is owned by a group of utilities led by southern co.", "costs for the projects have soared due to increased safety demands by u.s. regulators , and also due to significantly higher-than-anticipated costs for labor , equipment and components .", "pittsburgh-based westinghouse said it hopes to use bankruptcy to isolate and reorganize around its \"very profitable \" nuclear fuel and power plant servicing businesses from its money-losing construction operation .", "westinghouse said in a court filing it has secured $ 800 million in financing from apollo investment corp , an affiliate of apollo global management , to fund its core businesses during its reorganization .", "for toshiba , the filing will help keep the crisis-hit parent company afloat as it lines up buyers for its memory chip business , which could fetch $ 2 billion . toshiba said westinghouse-related liabilities totalled $ 9.8 billion as of december .", "toshiba said it would guarantee up to $ 200 million of the financing for westinghouse . toshiba shares closed up 2.2 percent but have lost half their value since the nuclear problems surfaced late last year .", "the apollo loan needs court approval and is expected to carry westinghouse for a year , people familiar with the matter said . the funds would support the company ' s global operations , including its healthier services and maintenance businesses , and pay for construction workers on site in georgia and south carolina , the people said .", "however , the money cannot be used to repay the liabilities stemming from cost overruns and delays at the projects , the people said .", "scana told investors on a conference call on wednesday that 5,000 workers would continue working on its south carolina site for 30 days while the company while it weighed options .", "\"our preferred option is to finish the plants . the least preferred option is abandonment , \" said scana ceo kevin marsh .", "southern co said in a statement it would hold westinghouse and toshiba accountable for its contract .", "states regulators have approved costs of around $ 14 billion for each project but morgan stanley has estimated the final bill of around $ 22 billion for the south carolina project and around $ 19 billion for the georgia plant .", "on march 29 , westinghouse electric company , llc , a u.s. company , and certain of its subsidiaries and affiliates , filed voluntary petitions under chapter 11 of the u.s. bankruptcy code . the company is seeking to undertake a strategic restructuring as a result of certain financial and construction challenges in its u.s. ap1000power plant projects . westinghouse has obtained $ 800 million in debtor-in-possession ( dip ) financing from third-party lenders to help fund and protect its core businesses during its reorganization . under chapter 11 protection , westinghouse will operate in the ordinary course of business and has the exclusive right to develop a plan of reorganization.the dip financing will fund westinghouse ' s core businesses of supporting operating plants , nuclear fuel and components manufacturing and engineering as well as decommissioning , decontamination , remediation and waste management as the company works to reorganize around these strong business units . existing letters of credit have been cash collateralized in full and will remain in place . the financing will also allow for new letters of credit to be issued.the company ' s operations in its asia and europe , the middle east and africa ( emea ) regions are not impacted by the chapter 11 filings . customers in those regions will continue to receive the high-quality products and services they have come to expect in the usual course as the regions will also be supported by the dip financing.westinghouse ' s core businesses throughout the world remain strong and will continue to operate normally during our reorganization.additional information can be accessed using the links below.for all media inquiries , please contact : external communications managerphone : 1 412-374-4744click the link below to access the press release announcing westinghouse ' s lead bidder.for more information about brookfield , visit its website for claims information and legal filings , please reference the address provided below.c/o kcc2335 alaska avenueel segundo , ca 90245toll free : ( 877 ) 634-7177outside u.s. &amp; canada : ( 424 ) 236-7223", "toshiba was looking to profit from a global nuclear power revival when it paid $ 5.4 billion for westinghouse electric in 2006. instead , cost overruns and missed deadlines threaten to sink the japanese conglomerate .", "westinghouse electric co. filed for chapter 11 bankruptcy protection wednesday , setting off a showdown between the nuclear power company ' s japanese parent and a major u.s. utility , and threatening to drive a wedge between governments of two countries over the fate of industries each considers vital .", "westinghouse had incurred billions in cost overruns related to four nuclear reactors it is building in the southeastern u.s. the runaway costs from the half-finished reactors threatened the viability of its japanese parent company , ...", "among the winners could be china , which has ambitions to turn its growing nuclear technical abilities into a major export . that has raised security concerns in some countries .", "the shrinking field is a challenge for the future of nuclear power , and for toshiba ' s revival plans . its executives have said they would like to sell all or part of westinghouse to a competitor , but with a dwindling list of potential buyers - combined with westinghouse ' s history of financial calamity - that has become a difficult task .", "toshiba still faces tough questions . the company is also divesting its profitable semiconductor business and plans to sell a stake to an outside investor to raise capital . most of the companies seen as possible buyers are from outside japan . some japanese business leaders have expressed fears that the sale will further erode japan ' s place in an industry it once dominated .", "after writing down westinghouse ' s value , toshiba said it expected to book a net loss of $ 9.9 billion for its current fiscal year , which ends on friday .", "\"we have all but completely pulled out of the nuclear business overseas , \" toshiba ' s president , satoshi tsunakawa , said at a news conference . of the huge loss , he added , \"i feel great responsibility. \"", "bankruptcy will make it harder for westinghouse ' s business partners to collect money they are owed by the nuclear-plant maker . that mostly affects the american power companies for whom it is building reactors , analysts say . now , it is unclear whether the company will be able to complete any of its projects , which in the united states are about three years late and billions over budget .", "the power companies - scana energy in south carolina and a consortium in georgia led by georgia power , a unit of southern company - would face the possibility of new contract terms , long lawsuits and absorbing losses that toshiba and westinghouse could not cover , analysts say . the cost estimates are already running $ 1 billion to $ 1.3 billion higher than originally expected , according to a recent report from morgan stanley , and could eventually exceed $ 8 billion over all .", "tokyo ( ap ) - japan ' s embattled toshiba corp. says its u.s. nuclear unit westinghouse electric co. has filed for bankruptcy protection .", "toshiba said in a statement wednesday that it filed the chapter 11 petition in the u.s. bankruptcy court of new york . the move had been largely expected .", "toshiba is expecting a loss of 500 billion yen ( $ 4.3 billion ) for april-december of last year , including a 712.5 billion yen ( $ 6.2 billion ) hit from its embattled nuclear business .", "toshiba acquired westinghouse in 2006 with much fanfare , making nuclear power an important part of its business strategy .", "after the march 2011 nuclear disaster in fukushima , costs of the business have ballooned because of growing safety concerns and regulations , and a souring of sentiment toward nuclear power in some countries , such as germany ."], "tgt_str": "more fallout from toshiba ' s reported \" nuclear \" loss last month , this time in the form of a bankruptcy filing . in what the ap says was a \" largely expected \" move , toshiba noted in a statement wednesday that its westinghouse nuclear unit has submitted a chapter 11 petition to the us bankruptcy court of new york . this announcement leaves up in the air what ' s going to happen to four still-to-be-finished nuclear reactors in south carolina and georgia , which were plagued with surpassed budgets and missed deadlines , per the wall street journal . reuters reports that toshiba - which ventured into nuclear waters when it purchased westinghouse for $ 5.4 billion in 2006 - is expecting to take a $ 9 billion loss for the year ending march 31. the new york times details some of the company ' s challenges in the nuclear industry , including more affordable forms of other alternative energy , such as wind and solar power , as well as safety fears spurred by the 2011 fukushima disaster . a westinghouse statement says that while the firm attempts to reorganize under chapter 11 parameters , it will be kept afloat by special $ 800 million financing . reuters notes the bankruptcy will allow westinghouse to figure out whether it ' s worth it to keep plugging ahead on the nuclear reactor projects , some of which are only about a third completed . some say toshiba ' s unique situation can be applied more broadly to the nuclear industry in general . \" this ... illustrates that there is no bright future for nuclear anymore , \" a consultant tells the journal , which notes that westinghouse boldly proclaims \" we are nuclear energy \" on its site .", "sim_graph": [[0.9999999403953552, 0.08762343227863312, 0.16440024971961975, 0.0707956999540329, 0.10987548530101776, 0.09496340900659561, 0.10658445209264755, 0.033717550337314606, 0.060308992862701416, 0.1272047609090805, 0.06380178034305573, 0.004087644163519144, 0.16050265729427338, 0.05839088559150696, 0.17003554105758667, 0.4026511013507843, 0.23363304138183594, 0.4236883521080017, 0.016377680003643036, 0.13295580446720123, 0.03611859679222107, 0.06838703155517578, 0.05096704512834549, 0.11081240326166153, 0.1819150447845459, 0.40902987122535706, 0.17116090655326843, 0.27630749344825745, 0.06566046178340912, 0.06512120366096497], [0.08762343227863312, 1.0, 0.009383688680827618, 0.03921627253293991, 0.21401259303092957, 0.006664663087576628, 0.009267452172935009, 0.07931537926197052, 0.05279457941651344, 0.011652800254523754, 2.819174187607132e-05, 0.056140873581171036, 3.465496047283523e-05, 0.04802156612277031, 0.09484656155109406, 0.09828981012105942, 0.14927923679351807, 0.055886365473270416, 0.019899509847164154, 0.21448001265525818, 6.829696212662384e-05, 0.09942060708999634, 0.03846459463238716, 0.29754599928855896, 0.137101948261261, 0.09145490825176239, 0.1969051957130432, 0.04569334536790848, 0.19881422817707062, 0.11680151522159576], [0.16440024971961975, 0.009383688680827618, 0.9999999403953552, 0.03278757259249687, 1.6602276446064934e-05, 0.0571502260863781, 0.00780817586928606, 3.339000977575779e-05, 0.10284463316202164, 0.053845055401325226, 0.14470268785953522, 0.040371041744947433, 0.08999332785606384, 0.13180668652057648, 0.015819622203707695, 0.0044856686145067215, 0.1529233455657959, 0.1782018542289734, 0.00482534896582365, 0.06395792961120605, 3.843792364932597e-05, 0.010872812010347843, 0.021656004711985588, 0.08311179280281067, 0.23301175236701965, 0.06865618377923965, 3.371171624166891e-05, 0.0022825917694717646, 0.17510567605495453, 0.012839945033192635], [0.0707956999540329, 0.03921627253293991, 0.03278757259249687, 1.0, 1.8812550479196943e-05, 0.004250273108482361, 0.005910155829042196, 3.7835252442164347e-05, 0.0077295200899243355, 0.12458931654691696, 1.7978793039219454e-05, 0.0020470772869884968, 2.2100597561802715e-05, 0.15266293287277222, 0.08160486817359924, 0.0646916851401329, 0.02797129936516285, 0.13148733973503113, 0.003659570589661598, 0.004769796039909124, 0.05027460306882858, 0.008221708238124847, 0.01636590249836445, 0.039714373648166656, 0.03601933643221855, 0.025646161288022995, 0.02907135710120201, 0.0017277369042858481, 0.006867766380310059, 0.19142483174800873], [0.10987548530101776, 0.21401259303092957, 1.6602276446064934e-05, 1.8812550479196943e-05, 1.0, 0.11598924547433853, 0.03940068185329437, 0.039464838802814484, 0.09985823929309845, 0.02259986475110054, 2.509859223209787e-05, 0.1373041868209839, 0.03317664563655853, 0.25449204444885254, 0.16197985410690308, 0.056971460580825806, 0.07457049190998077, 0.018003026023507118, 0.012667686678469181, 0.06127755716443062, 0.12368147820234299, 0.036755047738552094, 0.3067645728588104, 0.08045995980501175, 0.03718015179038048, 0.053734369575977325, 0.060062065720558167, 0.018546363338828087, 0.16510292887687683, 0.08008592575788498], [0.09496340900659561, 0.006664663087576628, 0.0571502260863781, 0.004250273108482361, 0.11598924547433853, 0.9999999403953552, 0.1039757952094078, 0.2054705023765564, 0.2739306092262268, 0.022164708003401756, 1.6886708181118593e-05, 0.010214360430836678, 0.02232174202799797, 0.03895954787731171, 0.2553357481956482, 0.12094591557979584, 0.035706859081983566, 0.008127792738378048, 0.0034372771624475718, 0.02334422618150711, 0.01795598864555359, 0.06143327057361603, 0.044838257133960724, 0.02332042157649994, 0.043314751237630844, 0.03464268147945404, 0.1289563775062561, 0.03437108173966408, 0.053170375525951385, 0.02498416230082512], [0.10658445209264755, 0.009267452172935009, 0.00780817586928606, 0.005910155829042196, 0.03940068185329437, 0.1039757952094078, 1.0, 0.13003385066986084, 0.06402109563350677, 0.21464252471923828, 0.029574541375041008, 0.014192732982337475, 0.050170861184597015, 0.21602660417556763, 0.11104168742895126, 0.16344192624092102, 0.15806816518306732, 0.18877741694450378, 0.1345967948436737, 0.12343636155128479, 0.1404605358839035, 0.22710543870925903, 0.08789575099945068, 0.12050845474004745, 0.3474489748477936, 0.06269478052854538, 0.0892401933670044, 0.22967487573623657, 0.10919032245874405, 0.034663330763578415], [0.033717550337314606, 0.07931537926197052, 3.339000977575779e-05, 3.7835252442164347e-05, 0.039464838802814484, 0.2054705023765564, 0.13003385066986084, 1.0, 0.10205274075269699, 0.022757161408662796, 0.05693283677101135, 0.012460479512810707, 0.13467587530612946, 0.05824410542845726, 0.09526371210813522, 0.08592744171619415, 0.01616145670413971, 0.018103579059243202, 0.012799094431102276, 0.1014881432056427, 0.01557298842817545, 0.4118681848049164, 0.05925609916448593, 0.18155057728290558, 0.09640735387802124, 0.042003970593214035, 0.0467960350215435, 0.18130160868167877, 0.10160089284181595, 0.02269309014081955], [0.060308992862701416, 0.05279457941651344, 0.10284463316202164, 0.0077295200899243355, 0.09985823929309845, 0.2739306092262268, 0.06402109563350677, 0.10205274075269699, 1.0, 0.28151559829711914, 0.33574092388153076, 0.018575774505734444, 0.07664521038532257, 0.08537550270557404, 0.13574065268039703, 0.0911572277545929, 0.045540470629930496, 0.028044290840625763, 0.0062510110437870026, 0.09190750122070312, 0.05155179649591446, 0.19915436208248138, 0.08797085285186768, 0.10164038836956024, 0.1822538822889328, 0.023141464218497276, 0.1567716747522354, 0.08628695458173752, 0.05421316623687744, 0.0310075506567955], [0.1272047609090805, 0.011652800254523754, 0.053845055401325226, 0.12458931654691696, 0.02259986475110054, 0.022164708003401756, 0.21464252471923828, 0.022757161408662796, 0.28151559829711914, 1.0, 2.952549039036967e-05, 0.017859255895018578, 0.02654985710978508, 0.10850575566291809, 0.023465218022465706, 0.17287026345729828, 0.008311447687447071, 0.18736180663108826, 0.0060098920948803425, 0.02482336387038231, 7.152808393584564e-05, 0.04287530854344368, 0.05030646175146103, 0.2160593718290329, 0.03597300127148628, 2.7689173293765634e-05, 0.02297642081975937, 0.0028373582754284143, 0.011278519406914711, 0.06409066915512085], [0.06380178034305573, 2.819174187607132e-05, 0.14470268785953522, 1.7978793039219454e-05, 2.509859223209787e-05, 1.6886708181118593e-05, 0.029574541375041008, 0.05693283677101135, 0.33574092388153076, 2.952549039036967e-05, 0.9999999403953552, 0.05698290839791298, 0.0664825439453125, 0.08170129358768463, 0.07898653298616409, 2.689944267331157e-05, 0.09641016274690628, 0.0284829493612051, 5.7644181651994586e-05, 0.04262172803282738, 0.03670235723257065, 3.2665568141965196e-05, 0.16628271341323853, 0.04850029945373535, 0.17216019332408905, 2.249443241453264e-05, 0.09006322920322418, 1.3688137187273242e-05, 5.4410440498031676e-05, 2.5734043447300792e-05], [0.004087644163519144, 0.056140873581171036, 0.040371041744947433, 0.0020470772869884968, 0.1373041868209839, 0.010214360430836678, 0.014192732982337475, 0.012460479512810707, 0.018575774505734444, 0.017859255895018578, 0.05698290839791298, 1.0, 0.014517371542751789, 0.02747258171439171, 0.01884518191218376, 0.0015494746621698141, 0.0022895068395882845, 0.0012705052504315972, 0.001698969630524516, 0.011454256251454353, 7.811583782313392e-05, 0.019758611917495728, 0.1817406564950943, 0.0033186881337314844, 0.032931022346019745, 3.023935278179124e-05, 0.01258053258061409, 0.0007884706719778478, 0.0031341766007244587, 0.004377845674753189], [0.16050265729427338, 3.465496047283523e-05, 0.08999332785606384, 2.2100597561802715e-05, 0.03317664563655853, 0.02232174202799797, 0.050170861184597015, 0.13467587530612946, 0.07664521038532257, 0.02654985710978508, 0.0664825439453125, 0.014517371542751789, 1.0, 1.7973985450225882e-05, 0.008781441487371922, 0.028113270178437233, 0.008523044176399708, 0.009544558823108673, 7.085964898578823e-05, 0.09706968069076538, 0.009096604771912098, 0.06347291171550751, 0.039617329835891724, 0.008187327533960342, 0.21469950675964355, 0.023509487509727478, 0.23864734172821045, 0.008520728908479214, 0.056865692138671875, 3.1633811886422336e-05], [0.05839088559150696, 0.04802156612277031, 0.13180668652057648, 0.15266293287277222, 0.25449204444885254, 0.03895954787731171, 0.21602660417556763, 0.05824410542845726, 0.08537550270557404, 0.10850575566291809, 0.08170129358768463, 0.02747258171439171, 1.7973985450225882e-05, 1.0, 0.06998398900032043, 0.14902931451797485, 1.22576429930632e-05, 0.09394150972366333, 3.5139386454829946e-05, 2.3035901904222555e-05, 3.5422592191025615e-05, 0.1507064402103424, 1.588340091984719e-05, 0.17179922759532928, 0.3748432397842407, 1.3712408872379456e-05, 3.1067142117535695e-05, 0.18943879008293152, 3.316812581033446e-05, 0.023861387744545937], [0.17003554105758667, 0.09484656155109406, 0.015819622203707695, 0.08160486817359924, 0.16197985410690308, 0.2553357481956482, 0.11104168742895126, 0.09526371210813522, 0.13574065268039703, 0.023465218022465706, 0.07898653298616409, 0.01884518191218376, 0.008781441487371922, 0.06998398900032043, 0.9999995827674866, 0.03422411531209946, 0.22235701978206635, 0.06119498610496521, 0.007970639504492283, 0.07399116456508636, 0.10545514523983002, 0.05850920453667641, 0.07065694034099579, 0.10299068689346313, 0.07250160723924637, 0.21740996837615967, 0.1951172947883606, 0.15364502370357513, 0.07227596640586853, 0.0671645849943161], [0.4026511013507843, 0.09828981012105942, 0.0044856686145067215, 0.0646916851401329, 0.056971460580825806, 0.12094591557979584, 0.16344192624092102, 0.08592744171619415, 0.0911572277545929, 0.17287026345729828, 2.689944267331157e-05, 0.0015494746621698141, 0.028113270178437233, 0.14902931451797485, 0.03422411531209946, 1.0, 0.17539748549461365, 0.29055923223495483, 0.016281964257359505, 0.1996559500694275, 0.05380634218454361, 0.12968280911445618, 0.03924068436026573, 0.0672033429145813, 0.17893172800540924, 0.10245870053768158, 0.014499710872769356, 0.13163918256759644, 0.15945234894752502, 0.1116708517074585], [0.23363304138183594, 0.14927923679351807, 0.1529233455657959, 0.02797129936516285, 0.07457049190998077, 0.035706859081983566, 0.15806816518306732, 0.01616145670413971, 0.045540470629930496, 0.008311447687447071, 0.09641016274690628, 0.0022895068395882845, 0.008523044176399708, 1.22576429930632e-05, 0.22235701978206635, 0.17539748549461365, 0.9999998807907104, 0.21046632528305054, 0.279826819896698, 0.08277970552444458, 0.08014566451311111, 0.05314779654145241, 0.054984115064144135, 0.11936093121767044, 0.06467532366514206, 0.3569027781486511, 0.3768962621688843, 0.006729264743626118, 0.0999596118927002, 0.15561990439891815], [0.4236883521080017, 0.055886365473270416, 0.1782018542289734, 0.13148733973503113, 0.018003026023507118, 0.008127792738378048, 0.18877741694450378, 0.018103579059243202, 0.028044290840625763, 0.18736180663108826, 0.0284829493612051, 0.0012705052504315972, 0.009544558823108673, 0.09394150972366333, 0.06119498610496521, 0.29055923223495483, 0.21046632528305054, 1.0, 0.013615280389785767, 0.022647105157375336, 0.07270712405443192, 0.05451175943017006, 0.020521705970168114, 0.3222863972187042, 0.1179024875164032, 0.048328496515750885, 0.03646905720233917, 0.07148317992687225, 0.04331593215465546, 0.10000067204236984], [0.016377680003643036, 0.019899509847164154, 0.00482534896582365, 0.003659570589661598, 0.012667686678469181, 0.0034372771624475718, 0.1345967948436737, 0.012799094431102276, 0.0062510110437870026, 0.0060098920948803425, 5.7644181651994586e-05, 0.001698969630524516, 7.085964898578823e-05, 3.5139386454829946e-05, 0.007970639504492283, 0.016281964257359505, 0.279826819896698, 0.013615280389785767, 1.0, 0.01338237151503563, 0.0001396480802213773, 0.006649053189903498, 0.026253383606672287, 0.00593283586204052, 0.14362658560276031, 0.011353322304785252, 0.00012247738777659833, 0.008285293355584145, 0.032934099435806274, 0.5709435939788818], [0.13295580446720123, 0.21448001265525818, 0.06395792961120605, 0.004769796039909124, 0.06127755716443062, 0.02334422618150711, 0.12343636155128479, 0.1014881432056427, 0.09190750122070312, 0.02482336387038231, 0.04262172803282738, 0.011454256251454353, 0.09706968069076538, 2.3035901904222555e-05, 0.07399116456508636, 0.1996559500694275, 0.08277970552444458, 0.022647105157375336, 0.01338237151503563, 1.0000001192092896, 0.2335662692785263, 0.12306809425354004, 0.10293984413146973, 0.07532940804958344, 0.20433875918388367, 0.19846279919147491, 0.024888336658477783, 0.011783372610807419, 0.3280869424343109, 0.052735671401023865], [0.03611859679222107, 6.829696212662384e-05, 3.843792364932597e-05, 0.05027460306882858, 0.12368147820234299, 0.01795598864555359, 0.1404605358839035, 0.01557298842817545, 0.05155179649591446, 7.152808393584564e-05, 0.03670235723257065, 7.811583782313392e-05, 0.009096604771912098, 3.5422592191025615e-05, 0.10545514523983002, 0.05380634218454361, 0.08014566451311111, 0.07270712405443192, 0.0001396480802213773, 0.2335662692785263, 1.0, 0.03502967208623886, 0.0555841401219368, 0.09386154264211655, 0.041702888906002045, 0.1979820877313614, 0.00792324636131525, 0.01874469220638275, 0.07451028376817703, 0.027363548055291176], [0.06838703155517578, 0.09942060708999634, 0.010872812010347843, 0.008221708238124847, 0.036755047738552094, 0.06143327057361603, 0.22710543870925903, 0.4118681848049164, 0.19915436208248138, 0.04287530854344368, 3.2665568141965196e-05, 0.019758611917495728, 0.06347291171550751, 0.1507064402103424, 0.05850920453667641, 0.12968280911445618, 0.05314779654145241, 0.05451175943017006, 0.006649053189903498, 0.12306809425354004, 0.03502967208623886, 1.0, 0.28203463554382324, 0.14712026715278625, 0.21574123203754425, 0.06468165665864944, 0.16554130613803864, 0.28163087368011475, 0.07540307939052582, 0.017634756863117218], [0.05096704512834549, 0.03846459463238716, 0.021656004711985588, 0.01636590249836445, 0.3067645728588104, 0.044838257133960724, 0.08789575099945068, 0.05925609916448593, 0.08797085285186768, 0.05030646175146103, 0.16628271341323853, 0.1817406564950943, 0.039617329835891724, 1.588340091984719e-05, 0.07065694034099579, 0.03924068436026573, 0.054984115064144135, 0.020521705970168114, 0.026253383606672287, 0.10293984413146973, 0.0555841401219368, 0.28203463554382324, 1.0, 0.07083640247583389, 0.03498614951968193, 0.0534072145819664, 0.034265972673892975, 0.1015840545296669, 0.13114003837108612, 0.08297955244779587], [0.11081240326166153, 0.29754599928855896, 0.08311179280281067, 0.039714373648166656, 0.08045995980501175, 0.02332042157649994, 0.12050845474004745, 0.18155057728290558, 0.10164038836956024, 0.2160593718290329, 0.04850029945373535, 0.0033186881337314844, 0.008187327533960342, 0.17179922759532928, 0.10299068689346313, 0.0672033429145813, 0.11936093121767044, 0.3222863972187042, 0.00593283586204052, 0.07532940804958344, 0.09386154264211655, 0.14712026715278625, 0.07083640247583389, 0.9999998807907104, 0.25508302450180054, 0.05633769556879997, 0.03113498166203499, 0.09237250685691833, 0.11914552748203278, 0.059614479541778564], [0.1819150447845459, 0.137101948261261, 0.23301175236701965, 0.03601933643221855, 0.03718015179038048, 0.043314751237630844, 0.3474489748477936, 0.09640735387802124, 0.1822538822889328, 0.03597300127148628, 0.17216019332408905, 0.032931022346019745, 0.21469950675964355, 0.3748432397842407, 0.07250160723924637, 0.17893172800540924, 0.06467532366514206, 0.1179024875164032, 0.14362658560276031, 0.20433875918388367, 0.041702888906002045, 0.21574123203754425, 0.03498614951968193, 0.25508302450180054, 0.9999998807907104, 0.14555798470973969, 0.09968040883541107, 0.1670372039079666, 0.10656394809484482, 0.07044108211994171], [0.40902987122535706, 0.09145490825176239, 0.06865618377923965, 0.025646161288022995, 0.053734369575977325, 0.03464268147945404, 0.06269478052854538, 0.042003970593214035, 0.023141464218497276, 2.7689173293765634e-05, 2.249443241453264e-05, 3.023935278179124e-05, 0.023509487509727478, 1.3712408872379456e-05, 0.21740996837615967, 0.10245870053768158, 0.3569027781486511, 0.048328496515750885, 0.011353322304785252, 0.19846279919147491, 0.1979820877313614, 0.06468165665864944, 0.0534072145819664, 0.05633769556879997, 0.14555798470973969, 1.0, 0.12881138920783997, 0.2751544117927551, 0.06471380591392517, 0.020201418548822403], [0.17116090655326843, 0.1969051957130432, 3.371171624166891e-05, 0.02907135710120201, 0.060062065720558167, 0.1289563775062561, 0.0892401933670044, 0.0467960350215435, 0.1567716747522354, 0.02297642081975937, 0.09006322920322418, 0.01258053258061409, 0.23864734172821045, 3.1067142117535695e-05, 0.1951172947883606, 0.014499710872769356, 0.3768962621688843, 0.03646905720233917, 0.00012247738777659833, 0.024888336658477783, 0.00792324636131525, 0.16554130613803864, 0.034265972673892975, 0.03113498166203499, 0.09968040883541107, 0.12881138920783997, 1.0, 0.007378369104117155, 0.029329070821404457, 5.467747541842982e-05], [0.27630749344825745, 0.04569334536790848, 0.0022825917694717646, 0.0017277369042858481, 0.018546363338828087, 0.03437108173966408, 0.22967487573623657, 0.18130160868167877, 0.08628695458173752, 0.0028373582754284143, 1.3688137187273242e-05, 0.0007884706719778478, 0.008520728908479214, 0.18943879008293152, 0.15364502370357513, 0.13163918256759644, 0.006729264743626118, 0.07148317992687225, 0.008285293355584145, 0.011783372610807419, 0.01874469220638275, 0.28163087368011475, 0.1015840545296669, 0.09237250685691833, 0.1670372039079666, 0.2751544117927551, 0.007378369104117155, 1.0, 0.05849752575159073, 0.028842467814683914], [0.06566046178340912, 0.19881422817707062, 0.17510567605495453, 0.006867766380310059, 0.16510292887687683, 0.053170375525951385, 0.10919032245874405, 0.10160089284181595, 0.05421316623687744, 0.011278519406914711, 5.4410440498031676e-05, 0.0031341766007244587, 0.056865692138671875, 3.316812581033446e-05, 0.07227596640586853, 0.15945234894752502, 0.0999596118927002, 0.04331593215465546, 0.032934099435806274, 0.3280869424343109, 0.07451028376817703, 0.07540307939052582, 0.13114003837108612, 0.11914552748203278, 0.10656394809484482, 0.06471380591392517, 0.029329070821404457, 0.05849752575159073, 1.0, 0.18827351927757263], [0.06512120366096497, 0.11680151522159576, 0.012839945033192635, 0.19142483174800873, 0.08008592575788498, 0.02498416230082512, 0.034663330763578415, 0.02269309014081955, 0.0310075506567955, 0.06409066915512085, 2.5734043447300792e-05, 0.004377845674753189, 3.1633811886422336e-05, 0.023861387744545937, 0.0671645849943161, 0.1116708517074585, 0.15561990439891815, 0.10000067204236984, 0.5709435939788818, 0.052735671401023865, 0.027363548055291176, 0.017634756863117218, 0.08297955244779587, 0.059614479541778564, 0.07044108211994171, 0.020201418548822403, 5.467747541842982e-05, 0.028842467814683914, 0.18827351927757263, 1.0]]}, {"src": [[1094, 9, 1388, 149, 1282, 5000, 12, 13, 503, 82, 451, 63, 8679, 113, 10, 9, 6904, 14, 16, 3353, 11, 10815, 4218], [5221, 29, 16, 8679, 1878, 14, 2542, 11, 22, 3186, 52, 581, 15802, 10, 4862, 21], [9, 6904, 8679, 113, 14, 16, 3353, 2269, 19, 929, 16, 8483, 6682, 10, 34, 488, 122, 1324, 7711, 1282, 4066, 10, 2215, 29, 9, 626, 19, 5645, 33], [9, 4336, 7120, 25, 9, 820, 4046, 24, 1412, 847, 15, 6550, 48, 1322, 42, 9, 8679, 481, 17, 818, 3649, 14, 2960, 77, 11], [9, 3737, 402, 1324, 7711, 47, 9, 103, 1282, 14, 498, 863, 63, 10919, 8679, 113, 10, 89, 114, 1756, 17, 110, 239, 863, 12, 10, 9, 1817, 979, 11, 9, 1230, 2629, 13, 5645, 1324, 7711, 1676, 1665, 9, 5949, 1282, 25, 63, 119, 14, 202, 10, 102, 16, 3647, 113, 42, 292, 17, 174, 3815, 14704, 503, 10, 1388, 149, 7906, 12, 5680, 23765, 6919, 13428, 979, 11], [35, 1784, 17, 209, 12409, 230, 10, 1235, 2190, 1130, 12, 10, 451, 42, 164, 11, 9, 1388, 149, 1080, 87, 2634, 4314, 12352, 13, 1130, 8679, 7711, 10, 89, 979, 42, 1676, 215, 367, 13, 98, 3737, 1282, 7711, 14, 9, 319, 65, 464, 19, 21510, 15, 17976, 11, 8679, 828, 2180, 1656, 12, 439, 1130, 12, 110, 520,